496669     
500307     
501856     
499521     
498172     
501825     
500421     
497546     
439324     
500232     
471853     
502136     
500282     
502851     
501830     
500155     
490875     
442114     
443600     
499426     
499163     
473365     
444481     
497940     
500382     
445202     
445902     
445969     
498783     
488880     
446468     
500192     
498625     
500306     
498443     
501966     
500368     
500596     
498191     
498360     
449711     
500533     
500305     
447980     